%YAML:1.0
---
mtx: !!opencv-matrix
   rows: 3
   cols: 3
   dt: d
   data: [ 3430.4588231691564, 0., 1660.0984753930984, 0.,
       3412.982537903591, 1804.9869245295458, 0., 0., 1. ]
dist: !!opencv-matrix
   rows: 1
   cols: 5
   dt: d
   data: [ 0.011247557995707076, 1.2542734923090433,
       0.0049060058265968523, 0.0023344123339165382, -8.6755635502895672 ]
err: 0.4513268162093873
